              BCC-CSM2-MR     BCC-ESM1      CAMS-CSM1-0     CESM2-WACCM      CESM2        CNRM-CM6-1     CNRM-ESM2-1    CanESM5       E3SM-1-0       EC-Earth3-Veg   EC-Earth3      GFDL-CM4      GFDL-ESM4    GISS-E2-1-G    GISS-E2-1-H  HadGEM3-GC31-LL  IPSL-CM6A-LR    MCM-UA-1-0      MIROC-ES2L       MIROC6     MPI-ESM1-2-HR   MRI-ESM2-0        NESM3      NorESM2-LM     SAM0-UNICON   UKESM1-0-LL
     1           1.02           0.87           1.13           0.98           1.11           1.54           0.89           1.25           1.16           1.23           1.03           1.20           0.98           1.12           1.13           1.14           1.25           1.07           0.87           0.89           1.17           1.13           2.30           1.19           0.87           1.59
     2           1.61           1.53           1.75           1.62           1.96           2.22           1.43           2.19           2.11           2.06           1.66           2.23           1.70           2.03           1.83           1.97           2.12           1.62           1.67           1.56           1.78           1.77           3.22           1.90           1.82           2.12
     3           2.05           1.93           1.94           2.05           2.52           2.82           1.94           2.65           2.56           2.50           2.14           2.77           2.14           2.41           1.97           2.48           2.57           1.99           2.12           2.04           2.23           2.12           3.78           2.27           2.24           2.48
     4           2.17           2.27           2.40           2.53           2.92           3.26           2.53           3.08           2.95           2.90           2.75           2.87           2.30           2.60           2.31           2.84           2.99           2.39           2.09           2.42           2.54           2.17           4.01           2.82           2.73           3.00
     5           2.38           2.54           2.70           2.92           3.20           3.59           2.70           3.36           3.04           3.12           2.95           2.95           2.67           2.59           2.76           3.18           3.21           2.77           2.24           2.76           2.85           2.47           4.27           2.97           2.97           3.48
     6           2.61           2.67           2.57           3.24           3.52           3.79           2.80           3.78           3.35           3.46           3.14           3.43           2.70           2.76           2.97           3.59           3.45           3.06           2.58           2.72           2.89           2.80           4.43           2.89           3.22           3.63
     7           2.77           2.89           2.74           3.45           3.72           3.82           3.16           3.84           3.51           3.74           3.62           3.59           2.76           3.25           3.06           3.78           3.57           3.30           2.97           2.54           3.00           2.89           4.64           3.15           3.48           3.62
     8           2.89           2.98           2.84           3.61           4.04           4.05           3.39           3.93           3.99           3.67           3.57           3.58           2.85           3.28           3.02           3.94           3.66           3.20           2.95           2.62           3.15           2.91           4.53           3.33           3.68           3.84
     9           2.97           3.13           2.94           3.76           4.04           4.22           3.43           4.23           4.23           3.93           3.63           3.87           3.01           3.22           3.04           4.23           3.90           3.20           2.66           3.08           3.22           3.08           4.70           3.04           3.88           4.24
    10           3.07           3.24           3.02           3.78           4.20           4.18           3.67           4.47           4.58           4.13           3.78           3.99           3.29           3.40           3.31           4.35           3.89           3.46           2.80           3.21           3.27           3.22           4.72           3.11           4.02           4.43
    11           3.12           3.36           3.06           3.92           4.25           4.38           3.83           4.57           4.71           4.04           4.02           3.76           3.25           3.35           3.61           4.35           4.07           3.60           3.11           2.91           3.46           3.33           4.75           3.16           3.93           4.48
    12           3.13           3.34           3.17           4.03           4.38           4.54           3.97           4.77           4.97           4.17           4.12           4.02           3.20           3.24           3.30           4.49           4.27           3.61           3.47           2.90           3.41           3.28           5.06           3.08           4.23           4.46
    13           3.29           3.45           3.01           4.10           4.39           4.63           4.13           5.07           5.12           4.45           4.04           4.22           3.36           3.52           3.33           4.60           4.46           3.89           3.38           2.95           3.45           3.39           5.03           3.39           4.29           4.74
    14           3.40           3.52           3.26           4.24           4.52           4.71           4.22           5.08           5.33           4.63           4.27           4.14           3.47           3.64           3.62           4.80           4.46           3.98           3.43           3.41           3.48           3.45           5.11           3.52           4.18           4.96
    15           3.57           3.47           3.22           4.17           4.66           4.44           4.43           5.22           5.23           4.45           4.41           3.96           3.43           3.64           3.61           5.08           4.62           3.97           3.46           3.30           3.56           3.37           5.27           3.39           4.31           5.05
    16           3.53           3.44           3.38           4.27           4.72           4.67           4.38           5.24           5.46           4.38           4.09           4.04           3.35           3.72           3.48           4.85           4.86           3.81           3.55           3.14           3.62           3.49           5.20           3.42           4.34           5.01
    17           3.58           3.40           3.44           4.30           4.83           5.10           4.45           5.44           5.73           4.60           4.18           4.02           3.61           3.67           3.67           4.93           4.71           3.92           3.41           3.04           3.54           3.80           5.21           3.37           4.35           5.11
    18           3.67           3.52           3.26           4.13           4.91           4.84           4.38           5.66           5.75           4.82           4.49           4.02           3.51           3.48           3.94           5.18           4.77           3.98           3.32           3.20           3.44           3.72           5.28           3.19           4.16           5.17
    19           3.66           3.54           3.45           4.40           5.06           4.92           4.54           5.50           5.99           4.82           4.53           4.34           3.51           3.67           3.84           5.41           4.95           4.05           3.57           3.49           3.40           3.52           5.43           3.22           4.27           5.19
    20           3.59           3.57           3.44           4.54           5.11           5.14           4.61           5.52           5.92           4.81           4.63           4.36           3.44           3.66           3.79           5.28           5.27           4.10           3.62           3.61           3.67           3.56           5.27           3.67           4.40           5.29
    21           3.56           3.62           3.47           4.51           5.12           5.21           4.75           5.56           5.92           4.90           4.80           4.32           3.62           3.46           3.87           5.17           5.33           4.22           3.43           3.16           3.66           3.75           5.52           3.46           4.59           5.35
    22           3.48           3.78           3.45           4.52           4.92           5.22           4.72           5.68           6.21           4.93           4.68           4.52           3.64           3.57           4.05           5.43           5.28           4.18           3.40           3.22           3.69           3.92           5.65           3.48           4.52           5.45
    23           3.57           3.76           3.42           4.73           5.10           5.25           4.79           5.79           6.21           5.09           4.81           4.31           3.67           3.74           3.83           5.55           5.34           4.31           3.52           3.38           3.66           3.79           5.70           3.35           4.43           5.43
    24           3.72           3.79           3.49           4.64           5.17           5.45           4.77           5.99           6.54           4.97           4.99           4.32           3.55           3.58           3.88           5.28           5.40           4.23           3.83           3.65           3.70           3.75           5.65           3.43           4.45           5.50
    25           3.81           3.77           3.38           4.58           5.08           5.52           4.93           6.02           6.50           5.03           4.83           4.29           3.71           3.88           4.09           5.45           5.38           4.36           3.70           3.50           3.72           3.89           5.68           3.56           4.59           5.62
    26           3.78           3.87           3.50           4.56           5.08           5.40           4.91           5.89           6.47           5.28           4.93           4.40           3.72           3.82           3.95           5.70           5.27           4.33           3.55           3.32           3.82           3.89           5.69           3.47           4.59           5.81
    27           3.76           3.91           3.46           4.70           5.24           5.29           4.97           5.97           6.24           5.46           5.14           4.50           3.56           3.51           4.07           5.75           5.48           4.31           3.63           3.33           3.74           3.82           5.82           3.01           4.57           5.57
    28           3.79           3.91           3.39           4.78           5.41           5.42           4.90           6.05           6.40           5.28           5.16           4.55           3.63           3.53           4.21           5.72           5.59           4.39           3.92           3.37           3.81           3.68           6.05           3.03           4.60           5.70
    29           3.76           3.86           3.46           4.89           5.36           5.57           4.98           6.17           6.71           5.48           4.77           4.59           3.75           3.70           3.85           5.77           5.61           4.39           3.72           3.60           3.74           3.84           5.87           3.11           4.73           5.91
    30           3.95           3.96           3.53           4.93           5.29           5.55           5.11           6.15           6.59           5.53           4.89           4.60           3.72           3.64           3.94           5.83           5.84           4.45           3.60           3.64           3.87           3.90           6.03           3.27           4.82           5.83
    31           3.76           3.98           3.51           4.96           5.45           5.57           5.20           6.09           6.81           5.37           5.15           4.36           3.58           3.72           4.08           5.86           5.91           4.46           3.70           3.25           3.97           3.80           5.98           3.04           4.75           5.62
    32           3.70           4.00           3.53           4.80           5.36           5.37           4.85           6.17           6.76           5.37           5.24           4.54           3.60           3.68           4.22           5.97           5.67           4.53           3.89           3.34           3.96           3.60           5.92           3.01           4.58           5.80
    33           3.84           4.08           3.67           4.90           5.45           5.60           5.08           6.10           6.80           5.70           5.23           4.87           3.66           3.52           4.13           6.27           5.81           4.71           3.67           3.62           3.89           3.77           5.96           3.31           4.71           6.00
    34           3.89           4.07           3.55           5.10           5.36           5.68           5.13           6.21           6.79           5.51           5.11           4.69           3.71           3.79           4.24           5.96           5.74           4.61           3.61           3.96           3.99           3.79           6.08           3.53           4.65           6.16
    35           3.93           4.16           3.63           5.00           5.44           5.53           5.26           6.46           6.73           5.51           5.06           4.62           3.83           3.70           4.17           5.96           5.68           4.49           3.82           3.67           3.94           3.82           6.04           3.26           4.53           5.84
    36           3.99           4.23           3.69           4.86           5.49           5.88           5.27           6.30           6.61           5.49           5.43           4.71           3.73           3.55           4.05           6.14           5.69           4.40           3.97           3.47           3.92           3.82           6.17           3.00           4.62           5.87
    37           3.98           4.27           3.61           5.03           5.62           5.65           5.21           6.30           6.85           5.58           5.33           4.70           3.84           3.69           4.19           6.38           5.78           4.20           3.71           3.55           4.04           3.99           5.98           3.24           4.61           6.11
    38           4.05           4.21           3.75           5.05           5.58           5.83           5.22           6.49           6.60           5.55           5.10           4.82           3.70           3.91           4.31           6.27           5.76           4.36           3.61           3.67           4.17           3.78           5.97           3.32           4.44           6.10
    39           4.15           4.29           3.71           5.10           5.54           5.88           5.18           6.61           6.76           5.63           5.30           4.74           3.83           3.86           4.17           6.15           5.80           4.54           3.75           3.84           4.14           3.83           6.15           3.20           4.59           6.17
    40           4.04           4.36           3.70           5.11           5.56           5.78           5.17           6.46           6.98           5.88           5.55           4.65           3.94           3.61           4.21           6.20           5.82           4.61           3.88           3.63           4.06           4.01           6.09           3.59           4.56           6.20
    41           4.04           4.30           3.73           5.11           5.72           5.89           5.12           6.57           6.92           5.93           5.48           4.80           3.75           3.64           4.35           6.45           6.08           4.71           3.96           3.50           4.10           3.93           6.14           3.39           4.65           6.31
    42           4.10           4.26           3.71           5.09           5.64           5.84           5.20           6.55           7.05           5.56           5.66           4.71           3.77           3.86           4.03           6.40           6.12           4.54           3.87           3.65           4.08           3.94           6.28           3.06           4.54           6.32
    43           4.12           4.31           3.73           4.87           5.68           5.93           5.06           6.55           7.04           5.70           5.55           4.69           3.86           3.83           4.16           6.40           5.91           4.74           3.82           3.82           4.08           3.86           6.40           3.27           4.68           6.28
    44           4.14           4.31           3.74           5.12           5.78           5.87           5.25           6.65           6.91           5.82           5.58           4.91           3.97           3.56           4.44           6.52           6.10           4.71           3.90           3.55           4.03           3.71           6.25           3.38           4.74           6.48
    45           4.06           4.24           3.74           5.09           5.89           5.81           5.15           6.76           7.04           5.79           5.77           4.82           3.78           3.75           4.40           6.63           6.07           4.67           4.05           3.58           4.04           3.83           6.10           2.92           4.57           6.51
    46           4.06           4.27           3.71           5.14           5.94           5.90           5.35           6.70           7.10           6.14           5.45           4.75           3.92           3.90           4.40           6.57           5.97           4.70           3.91           3.72           4.12           3.87           6.36           2.89           4.81           6.40
    47           4.05           4.22           3.65           5.15           5.79           5.87           5.09           6.61           7.05           6.14           5.44           4.84           3.91           3.71           4.23           6.49           6.09           4.57           3.80           3.65           4.14           3.87           6.34           3.04           4.81           6.32
    48           4.11           4.19           3.77           5.21           6.00           5.96           5.21           6.75           7.07           5.96           5.63           4.76           3.89           3.80           4.45           6.63           6.20           4.65           4.04           3.52           4.18           3.82           6.29           3.32           4.65           6.46
    49           4.17           4.25           3.66           5.08           5.88           6.02           5.22           6.71           7.22           6.16           5.86           4.72           3.89           3.87           4.31           6.73           6.13           4.94           3.87           3.63           4.14           4.00           6.37           3.01           4.56           6.49
    50           4.23           4.23           3.83           5.07           5.86           5.92           5.13           6.58           7.38           6.19           5.47           4.95           3.94           3.74           4.08           6.69           6.14           4.94           3.59           3.94           4.03           3.94           6.36           3.23           4.60           6.50
    51           4.24           4.32           3.70           5.19           5.92           6.08           5.02           6.71           7.35           5.99           5.75           5.03           3.94           3.80           4.43           6.59           6.13           4.85           3.65           3.69           4.15           3.71           6.37           3.59           4.65           6.50
    52           4.16           4.28           3.82           5.24           5.81           6.10           5.22           6.77           7.56           6.12           6.11           5.04           3.92           3.91           4.44           6.57           6.13           4.50           3.96           3.74           4.33           3.90           6.34           3.63           4.65           6.40
    53           4.20           4.30           3.73           5.26           5.94           6.23           5.30           6.85           7.52           6.28           6.08           4.79           3.92           3.73           4.25           6.69           5.99           4.48           4.07           3.97           4.25           4.14           6.56           3.38           4.89           6.56
    54           4.18           4.31           3.70           5.16           5.86           6.19           5.46           7.03           7.27           6.05           5.83           4.91           3.96           3.64           4.49           6.79           5.98           4.52           3.82           3.90           4.17           3.92           6.56           3.51           4.80           6.68
    55           4.20           4.39           3.83           5.27           5.85           5.88           5.41           6.87           7.44           6.24           5.92           5.03           3.75           3.91           4.48           6.80           6.09           4.48           3.94           3.46           4.21           3.97           6.36           3.60           4.62           6.51
    56           4.22           4.32           3.69           5.29           5.96           6.20           5.42           7.01           7.46           6.28           6.09           4.99           3.83           3.86           4.26           6.82           6.38           4.44           4.20           3.41           4.19           4.02           6.43           3.46           4.63           6.62
    57           4.30           4.31           3.80           5.16           6.04           6.03           5.34           7.01           7.30           6.43           6.11           4.85           3.87           3.69           4.49           6.81           6.32           4.39           4.10           3.55           4.34           4.09           6.41           3.35           4.77           6.68
    58           4.21           4.39           3.85           5.31           6.08           6.13           5.55           7.19           7.36           6.40           5.91           4.93           3.86           3.82           4.53           6.75           6.13           4.58           3.92           3.62           4.16           3.82           6.41           3.31           4.67           6.83
    59           4.33           4.37           3.72           5.40           6.12           6.01           5.47           7.02           7.49           6.25           6.07           4.98           3.92           3.81           4.36           6.92           6.25           4.66           4.02           3.86           4.06           3.87           6.44           3.29           4.61           6.70
    60           4.26           4.36           3.78           5.40           5.96           6.17           5.48           7.11           7.31           6.13           6.19           4.90           3.88           3.74           4.59           6.98           6.28           4.75           4.17           3.88           4.18           4.06           6.44           3.54           4.61           6.89
    61           4.36           4.45           3.80           5.40           6.03           6.22           5.59           7.14           7.71           6.35           5.96           4.88           3.92           3.85           4.44           6.76           6.34           4.80           3.83           4.01           4.26           4.07           6.47           3.65           4.84           6.89
    62           4.26           4.37           3.68           5.45           6.16           6.04           5.69           6.93           7.65           6.48           5.96           4.96           3.79           3.75           4.23           6.78           6.54           4.82           3.66           3.93           4.44           4.04           6.43           3.70           4.68           6.92
    63           4.16           4.38           3.80           5.50           6.11           6.18           5.48           7.19           7.40           6.09           6.01           4.92           4.01           3.54           4.43           7.06           6.41           4.78           3.95           3.80           4.44           4.11           6.46           3.58           4.58           7.02
    64           4.27           4.44           3.91           5.51           6.22           6.13           5.49           7.13           7.57           6.20           6.15           5.00           3.96           3.83           4.50           6.93           6.31           4.79           4.11           3.54           4.32           4.13           6.54           3.58           4.86           6.86
    65           4.18           4.46           3.82           5.41           6.24           6.31           5.60           7.07           7.82           6.53           6.27           5.11           4.04           3.82           4.51           6.95           6.56           4.63           3.90           3.61           4.32           3.95           6.46           3.75           4.88           6.84
    66           4.26           4.49           3.89           5.43           6.36           6.27           5.57           7.08           7.64           6.69           6.10           5.14           3.91           3.69           4.31           7.24           6.50           4.89           3.90           3.93           4.31           3.93           6.73           3.67           4.73           6.98
    67           4.24           4.50           3.79           5.51           6.31           6.28           5.68           7.04           7.80           6.48           6.02           5.19           3.94           3.79           4.51           7.19           6.35           4.92           4.07           4.06           4.30           4.10           6.45           3.73           4.95           6.82
    68           4.30           4.49           3.86           5.69           6.10           6.27           5.59           7.02           7.49           6.45           6.25           5.23           3.97           3.92           4.59           6.96           6.34           4.88           4.14           3.75           4.40           4.03           6.55           3.73           4.85           6.91
    69           4.30           4.54           3.87           5.63           6.15           6.25           5.73           7.25           7.76           6.74           6.53           5.10           4.06           3.77           4.44           7.20           6.43           4.87           3.80           3.74           4.37           4.05           6.55           3.59           4.97           6.84
    70           4.15           4.57           3.71           5.49           6.25           6.30           5.85           7.04           7.72           6.72           6.23           5.10           3.79           3.78           4.44           7.30           6.62           4.77           3.78           3.93           4.38           4.17           6.52           3.59           4.84           6.83
    71           4.26           4.61           3.85           5.72           6.30           6.36           5.66           7.08           7.54           6.45           6.30           5.23           4.02           3.89           4.61           7.00           6.71           4.84           4.04           3.90           4.50           4.07           6.49           3.56           4.77           7.02
    72           4.33           4.65           3.79           5.65           6.24           6.26           5.61           7.29           7.62           6.57           6.60           5.15           4.02           3.72           4.46           7.04           6.48           4.82           4.20           3.59           4.59           4.21           6.52           3.25           5.00           7.17
    73           4.43           4.62           3.86           5.62           6.30           6.36           5.82           7.18           7.85           6.73           6.48           5.16           4.02           3.90           4.70           7.27           6.34           4.86           4.07           3.64           4.54           4.21           6.65           3.59           4.91           6.98
    74           4.29           4.66           3.78           5.71           6.38           6.45           5.80           7.29           7.59           6.75           6.47           5.16           4.00           3.82           4.65           7.18           6.43           4.92           3.75           3.87           4.41           4.29           6.68           3.76           4.94           7.06
    75           4.27           4.61           3.83           5.71           6.39           6.34           5.51           7.30           7.83           6.84           6.53           5.04           4.08           3.59           4.55           7.15           6.90           4.88           3.82           3.87           4.45           4.23           6.67           3.51           4.96           6.97
    76           4.46           4.63           3.88           5.77           6.44           6.38           5.82           7.13           7.79           6.83           6.43           5.15           4.00           3.73           4.75           7.37           6.67           4.74           4.25           3.55           4.31           4.21           6.83           3.77           4.88           7.06
    77           4.38           4.66           3.72           5.66           6.35           6.30           5.79           7.34           7.80           6.62           6.27           5.44           4.16           3.81           4.80           7.34           6.51           4.92           4.04           3.61           4.33           4.25           6.80           3.75           5.01           7.14
    78           4.33           4.65           3.93           5.79           6.43           6.36           5.85           7.50           7.66           6.65           6.32           5.15           4.20           3.69           4.49           7.35           6.58           4.98           3.78           3.82           4.40           4.28           6.62           3.56           4.83           6.95
    79           4.42           4.66           3.91           5.68           6.48           6.27           5.89           7.41           7.80           6.96           6.58           5.26           4.02           3.78           4.56           7.54           6.77           5.07           3.95           4.20           4.52           4.22           6.64           3.66           4.62           7.05
    80           4.46           4.76           3.90           5.71           6.44           6.46           5.82           7.39           8.03           6.97           6.67           5.55           4.17           3.87           4.84           7.21           6.68           4.92           4.05           3.97           4.53           4.22           6.69           3.80           4.80           7.14
    81           4.42           4.72           4.00           5.70           6.53           6.45           5.94           7.33           8.06           6.71           6.47           5.26           4.17           3.71           4.67           7.21           6.42           4.90           4.17           3.52           4.56           4.28           6.71           3.54           4.93           7.05
    82           4.48           4.67           3.75           5.85           6.54           6.36           5.84           7.48           8.07           6.77           6.41           5.30           4.02           3.89           4.79           7.26           6.37           4.78           3.94           3.57           4.56           4.39           6.71           3.53           4.85           7.18
    83           4.64           4.62           3.96           5.75           6.38           6.41           5.95           7.39           7.81           6.96           6.64           5.49           4.06           3.83           4.64           7.32           6.73           4.72           3.93           3.87           4.61           4.34           6.73           3.72           4.68           7.15
    84           4.49           4.49           3.85           5.76           6.49           6.49           5.96           7.43           7.92           7.01           6.79           5.09           4.21           3.79           4.51           7.25           6.80           4.93           4.09           3.89           4.54           4.31           6.71           3.72           4.65           7.27
    85           4.48           4.67           3.78           5.72           6.65           6.25           6.01           7.39           7.94           6.52           6.54           5.21           3.91           3.75           4.60           7.18           6.73           4.90           4.11           3.58           4.45           4.39           6.73           3.65           4.84           7.20
    86           4.53           4.66           3.97           5.80           6.59           6.49           5.86           7.27           8.12           6.57           6.49           5.28           4.03           3.92           4.71           7.43           6.70           4.80           3.84           3.59           4.42           4.26           6.64           3.93           4.84           7.22
    87           4.42           4.67           3.86           5.73           6.60           6.49           6.01           7.52           8.03           6.76           6.75           5.17           4.18           3.98           4.49           7.30           6.68           4.85           3.93           3.78           4.53           4.44           6.64           3.87           4.97           7.25
    88           4.37           4.75           3.92           5.82           6.64           6.62           5.95           7.65           8.06           7.08           6.65           5.20           4.23           3.74           4.77           7.21           6.83           5.09           4.03           4.08           4.56           4.38           6.55           3.78           4.90           7.40
    89           4.49           4.56           3.98           5.95           6.59           6.46           5.99           7.63           7.92           6.81           6.36           5.56           4.18           3.64           4.83           7.29           6.80           5.10           4.24           3.82           4.56           4.23           6.68           3.87           4.97           7.23
    90           4.44           4.70           3.98           5.94           6.61           6.54           5.93           7.48           7.97           6.86           6.67           5.48           4.15           3.94           4.65           7.42           6.60           5.18           3.93           3.77           4.57           4.35           6.83           3.40           5.03           7.14
    91           4.54           4.72           3.86           5.98           6.66           6.46           6.17           7.52           8.07           7.17           6.83           5.44           4.15           3.76           4.75           7.39           6.66           5.07           3.72           3.96           4.66           4.46           6.82           3.33           5.16           7.39
    92           4.57           4.65           3.93           5.85           6.56           6.50           6.04           7.54           8.14           7.02           6.61           5.39           4.02           3.90           4.84           7.31           6.77           5.11           3.98           4.12           4.73           4.32           6.69           3.76           5.11           7.46
    93           4.53           4.75           4.00           5.80           6.70           6.41           6.13           7.69           7.97           6.95           6.73           5.45           4.16           4.04           4.65           7.39           6.96           5.00           4.32           3.79           4.63           4.47           6.70           3.99           5.02           7.37
    94           4.48           4.73           3.99           5.97           6.68           6.51           6.27           7.67           7.89           7.02           6.79           5.40           4.29           4.04           4.80           7.46           6.99           4.96           4.00           3.74           4.64           4.45           6.75           3.94           5.03           7.35
    95           4.56           4.78           4.01           6.01           6.76           6.42           6.20           7.53           8.06           6.91           6.74           5.27           3.95           3.81           4.95           7.46           6.84           4.87           3.72           4.06           4.68           4.53           6.61           3.72           4.89           7.42
    96           4.61           4.66           4.07           5.92           6.78           6.19           6.14           7.65           8.14           6.81           6.72           5.55           4.17           3.97           4.73           7.39           6.83           5.06           4.02           4.00           4.69           4.43           6.67           3.90           5.18           7.36
    97           4.68           4.72           3.99           5.98           6.75           6.55           6.02           7.64           8.20           6.91           6.70           5.47           4.28           4.03           4.73           7.47           6.91           4.93           4.30           3.94           4.76           4.60           6.70           3.80           5.10           7.29
    98           4.74           4.66           3.91           6.09           6.87           6.44           6.05           7.51           8.10           7.11           6.95           5.42           4.18           3.98           4.90           7.36           6.92           4.90           4.07           3.92           4.78           4.56           6.77           3.46           4.89           7.38
    99           4.54           4.75           4.03           6.07           6.85           6.40           6.20           7.60           8.30           6.87           6.98           5.41           4.23           4.14           4.84           7.37           7.05           4.92           3.97           3.77           4.69           4.46           6.71           3.93           5.14           7.40
   100           4.58           4.72           4.00           6.16           6.88           6.34           6.20           7.75           8.32           6.90           6.52           5.47           4.23           3.81           4.65           7.40           6.91           4.85           3.98           3.86           4.68           4.32           6.73           4.02           5.13           7.29
   101           4.66           4.79           4.04           6.15           6.66           6.51           6.16           7.55           8.10           7.11           6.70           5.58           4.31           3.61           4.85           7.52           6.68           4.99           3.92           4.06           4.68           4.51           6.69           3.75           4.99           7.35
   102           4.64           4.81           4.14           6.21           6.91           6.40           6.09           7.54           8.22           7.08           6.88           5.61           4.20           4.01           4.82           7.59           6.88           5.07           4.14           3.75           4.58           4.66           6.87           3.75           5.11           7.40
   103           4.59           4.76           3.98           6.17           6.87           6.42           6.09           7.61           8.13           6.77           6.95           5.53           4.11           3.99           4.62           7.42           7.00           5.12           4.08           3.76           4.60           4.48           6.82           3.97           5.09           7.35
   104           4.70           4.81           4.09           6.08           6.91           6.47           6.11           7.53           7.91           6.85           6.66           5.60           4.15           3.92           4.78           7.48           6.87           5.24           3.74           4.04           4.70           4.56           6.78           3.91           5.31           7.36
   105           4.73           4.85           3.96           6.19           7.05           6.57           6.03           7.58           8.09           7.20           6.75           5.53           4.24           4.08           4.87           7.56           6.78           5.22           3.73           4.07           4.70           4.57           6.83           3.90           5.32           7.45
   106           4.76           4.86           4.06           6.12           7.01           6.53           6.06           7.68           8.23           7.17           6.76           5.75           4.27           3.99           4.80           7.41           6.94           5.12           3.99           3.68           4.60           4.57           6.79           3.80           5.24           7.37
   107           4.64           4.89           4.05           6.12           7.01           6.65           6.03           7.71           8.37           6.87           6.72           5.55           4.03           4.06           5.06           7.62           7.20           5.18           4.27           3.76           4.60           4.53           7.00           3.83           5.36           7.45
   108           4.57           4.81           4.13           6.32           7.00           6.63           6.18           7.67           8.28           6.89           6.91           5.71           4.15           3.89           4.77           7.71           7.05           5.13           4.06           4.00           4.80           4.59           6.95           3.96           5.25           7.43
   109           4.67           4.73           4.01           6.30           6.94           6.72           6.02           7.80           8.38           6.99           6.65           5.49           4.15           4.01           4.78           7.61           6.86           5.09           3.94           4.16           4.76           4.52           6.96           4.08           5.36           7.54
   110           4.69           4.79           4.05           6.30           6.94           6.45           6.18           7.82           8.22           7.21           6.68           5.58           4.15           4.09           4.94           7.63           6.91           5.03           4.13           3.82           4.68           4.52           7.02           3.83           5.27           7.45
   111           4.63           4.90           4.18           6.34           7.00           6.63           6.04           7.71           8.37           7.07           6.83           5.63           4.15           3.99           4.84           7.66           7.02           5.02           4.17           3.76           4.65           4.65           6.95           3.84           5.30           7.35
   112           4.66           4.86           4.06           6.31           7.01           6.58           5.94           7.72           8.35           7.11           6.92           5.55           4.16           4.07           5.01           7.56           7.08           5.08           3.78           3.94           4.68           4.67           6.81           4.02           5.17           7.38
   113           4.83           4.89           4.05           6.27           7.17           6.61           6.01           7.90           8.10           7.26           6.86           5.50           4.24           4.12           4.94           7.60           7.11           5.14           3.80           4.25           4.68           4.53           6.61           4.01           5.22           7.51
   114           4.79           4.96           4.09           6.20           7.09           6.60           6.03           7.70           8.31           7.11           6.79           5.57           4.20           4.08           4.94           7.72           6.85           5.16           4.09           4.17           4.68           4.56           6.93           3.95           5.35           7.64
   115           4.86           4.88           4.19           6.30           7.11           6.49           6.07           7.86           8.59           7.08           6.77           5.51           4.24           3.87           4.83           7.60           7.10           5.16           4.17           3.85           4.85           4.68           6.87           3.84           5.36           7.57
   116           4.90           4.95           4.06           6.32           7.22           6.67           6.16           7.97           8.40           7.34           6.91           5.60           4.24           3.98           4.99           7.62           7.14           5.13           3.94           3.86           4.83           4.63           6.80           3.90           5.30           7.54
   117           4.88           4.93           4.08           6.46           7.17           6.66           6.02           7.79           8.29           7.46           7.11           5.74           4.17           4.15           5.09           7.83           7.06           4.93           3.91           4.03           4.72           4.58           6.78           3.66           5.38           7.34
   118           4.81           5.00           4.09           6.32           7.38           6.74           6.21           7.70           8.29           7.09           6.97           5.77           4.33           3.91           5.04           7.72           7.37           4.93           4.03           4.21           4.81           4.71           7.00           3.77           5.40           7.51
   119           4.89           4.96           4.00           6.59           7.24           6.67           6.22           7.88           8.42           6.99           6.94           5.58           4.24           3.94           5.09           7.72           7.17           5.14           4.18           3.91           4.84           4.62           6.89           4.12           5.16           7.67
   120           4.91           4.83           4.19           6.64           7.30           6.67           6.02           7.84           8.29           7.31           6.95           5.66           4.28           4.27           4.93           7.84           6.90           5.05           3.94           3.84           4.89           4.61           6.72           4.10           5.39           7.37
   121           4.90           4.83           4.14           6.53           7.32           6.55           5.95           7.84           8.39           7.30           6.92           5.68           4.34           4.25           5.08           7.70           7.01           5.23           3.83           4.09           4.83           4.71           6.77           4.05           5.47           7.49
   122           4.83           4.83           4.12           6.54           7.26           6.63           6.00           7.71           8.31           7.03           6.90           5.81           4.29           4.07           5.08           7.89           7.09           5.20           4.07           4.25           4.78           4.67           6.93           4.09           5.47           7.52
   123           4.86           4.92           4.08           6.63           7.17           6.64           5.90           7.89           8.31           7.09           7.05           5.69           4.15           4.02           4.95           7.66           7.22           5.31           4.19           3.91           4.68           4.73           6.91           4.05           5.48           7.45
   124           4.83           4.95           4.15           6.56           7.21           6.72           6.12           7.83           8.61           7.22           6.89           5.84           4.13           4.31           4.92           7.83           7.16           5.27           3.82           3.75           4.78           4.71           6.80           3.98           5.25           7.56
   125           4.85           4.96           4.09           6.60           7.29           6.66           6.01           7.76           8.53           7.30           6.82           5.85           4.15           4.21           4.88           7.85           6.93           5.00           3.82           3.90           4.91           4.59           6.81           3.94           5.51           7.60
   126           4.76           5.00           4.14           6.51           7.29           6.76           6.11           7.90           8.49           7.40           6.93           5.81           4.07           4.10           4.82           7.72           7.09           5.12           4.10           4.02           4.95           4.85           6.83           4.07           5.56           7.55
   127           4.79           4.95           4.16           6.48           7.20           6.69           6.41           7.91           8.28           7.34           7.17           5.91           4.08           4.29           4.89           7.77           7.23           5.16           4.25           4.03           4.94           4.74           7.04           3.87           5.61           7.50
   128           4.70           5.04           4.19           6.61           7.25           6.47           6.22           8.02           8.46           7.14           6.93           5.76           4.25           4.36           5.07           7.79           7.40           5.16           3.94           4.17           4.96           4.79           6.85           3.71           5.49           7.61
   129           4.70           4.98           4.08           6.56           7.43           6.71           6.21           7.78           8.59           7.20           6.98           5.75           4.14           4.06           4.94           7.75           7.07           5.17           3.98           3.80           4.91           4.82           6.87           3.99           5.57           7.66
   130           4.86           4.95           4.20           6.59           7.43           6.82           6.32           7.81           8.43           7.35           7.27           5.59           4.16           4.06           4.98           7.86           7.01           5.34           4.37           3.86           4.80           4.87           7.09           4.14           5.56           7.61
   131           4.90           4.97           3.98           6.58           7.35           6.69           6.38           7.93           8.40           7.44           7.17           5.78           4.29           4.31           5.03           7.80           7.12           5.21           4.24           4.02           4.77           4.82           6.93           3.94           5.46           7.46
   132           4.92           5.10           3.97           6.48           7.50           6.72           6.30           8.03           8.45           7.24           7.02           5.79           4.35           4.23           4.84           7.82           7.05           5.31           3.98           4.19           4.83           4.85           6.83           4.19           5.56           7.66
   133           5.04           5.10           4.16           6.59           7.46           6.88           6.12           7.87           8.66           7.32           7.09           5.90           4.23           4.26           5.02           7.91           7.18           5.27           4.14           3.99           4.80           4.73           6.88           4.33           5.54           7.59
   134           4.81           5.09           4.04           6.53           7.45           6.86           6.21           7.96           8.53           7.46           7.08           5.55           4.25           4.31           5.08           7.69           7.42           5.29           4.27           3.93           4.88           4.98           6.85           3.96           5.55           7.68
   135           4.93           5.07           4.11           6.56           7.69           6.78           6.22           7.81           8.31           7.33           7.17           5.66           4.36           4.31           4.81           7.78           7.19           5.20           4.13           3.90           4.96           4.87           6.80           4.01           5.36           7.87
   136           4.86           5.06           4.12           6.56           7.58           6.88           6.32           7.97           8.49           7.33           7.06           5.73           4.28           4.15           5.05           7.87           7.03           5.33           4.00           4.18           4.81           4.91           7.04           4.19           5.73           7.74
   137           4.90           4.98           4.11           6.67           7.48           6.82           6.28           8.07           8.63           7.38           7.09           6.05           4.33           4.13           5.08           7.82           7.35           5.36           4.06           4.21           4.78           5.00           7.15           3.88           5.71           7.82
   138           4.93           5.02           4.12           6.71           7.48           6.80           6.41           7.90           8.67           7.54           7.26           5.96           4.18           4.13           4.85           7.78           7.35           5.43           4.37           3.89           4.81           5.06           6.95           3.97           5.59           7.77
   139           4.88           5.01           4.19           6.79           7.64           6.62           6.40           8.05           8.75           7.21           7.11           5.74           4.17           4.34           4.96           7.83           7.24           5.36           4.07           3.86           4.86           4.89           6.97           4.16           5.69           7.71
   140           4.91           5.01           4.03           6.80           7.60           6.72           6.25           8.06           8.63           7.12           7.07           5.87           4.17           4.34           5.18           7.86           7.10           5.18           3.98           4.14           4.91           5.02           7.05           3.90           5.58           7.78
   141           4.95           4.98           4.15           6.73           7.68           6.58           6.50           8.22           8.62           7.41           7.00           5.93           4.30           4.23           4.89           7.96           7.07           5.08           4.17           4.20           4.90           4.91           6.92           4.23           5.59           7.68
   142           5.00           4.98           4.17           6.81           7.60           6.58           6.28           7.99           8.77           7.48           7.19           5.82           4.48           4.31           4.97           7.89           7.03           5.07           4.34           3.86           4.83           4.98           6.96           4.22           5.52           7.75
   143           5.00           5.08           4.05           6.70           7.67           6.74           6.34           8.07           8.77           7.33           7.30           5.75           4.42           4.34           5.15           8.05           6.98           5.14           3.97           3.84           5.09           4.99           6.95           4.03           5.59           7.94
   144           4.78           5.16           4.28           6.72           7.73           6.59           6.50           8.14           8.91           7.29           7.38           5.87           4.29           4.09           4.93           7.75           7.25           5.21           3.88           4.03           5.04           4.99           6.91           4.29           5.81           7.79
   145           4.97           5.07           4.19           6.83           7.69           6.61           6.40           8.10           8.64           7.47           7.48           5.86           4.34           4.27           5.11           7.80           7.38           5.30           4.17           4.18           4.95           4.81           7.14           4.21           5.96           7.77
   146           5.10           5.07           4.14           6.81           7.63           6.70           6.26           7.91           8.67           7.55           7.00           5.86           4.30           4.52           5.17           7.93           7.26           5.13           4.28           3.95           4.91           5.01           7.06           3.93           5.58           7.66
   147           5.08           5.05           3.97           6.78           7.65           6.66           6.33           8.14           8.88           7.43           7.07           5.78           4.25           4.45           4.99           7.89           7.24           5.21           4.15           4.00           5.03           4.99           7.09           4.01           5.64           7.68
   148           5.07           5.11           4.25           6.82           7.70           6.67           6.29           8.12           8.80           7.49           7.36           5.92           4.32           4.28           5.16           7.90           7.38           5.27           4.08           4.31           4.99           4.95           7.03           4.15           5.67           7.78
   149           4.99           5.12           4.15           6.92           7.77           6.85           6.24           8.14           8.81           7.72           7.33           5.91           4.33           4.30           5.27           8.09           7.28           5.28           4.25           4.16           4.95           5.11           6.93           4.01           5.85           7.79
   150           5.05           5.18           4.28           6.86           7.79           6.83           6.31           8.13           8.54           7.48           7.04           6.02           4.47           4.34           5.07           8.16           7.30           5.33           4.49           3.87           5.00           5.06           6.96           3.97           5.66           7.87
